For 12, 34, 56, 78
  sum = 180.000000
  mean = 45.000000
  variance = 806.666667
  digit counts = 0, 1, 1, 1, 1, 1, 1, 1, 1, 0

For 82.16, 41.296
  sum = 123.456000
  mean = 61.728000
  variance = 834.933248
  digit counts = 0, 2, 2, 0, 1, 0, 2, 0, 1, 1

For 2, -3, 5, -7, 11, -13, 17, -19
  sum = -7.000000
  mean = -0.875000
  variance = 145.839286
  digit counts = 0, 5, 1, 2, 0, 1, 0, 2, 0, 1

For 9.00009, 90.0009, 900.009, 9000.09, 90000.9
  sum = 99999.999990
  mean = 19999.999998
  variance = 1545495454.645450
  digit counts = 20, 0, 0, 0, 0, 0, 0, 0, 0, 10

